Currancy conversion log

    
Conversion form gbp to usd
Amount: 4575
Rate: 1.21339
Result: 5551.26773
Date: 2019-08-05
    
    
Conversion form eur to rub
Amount: 209
Rate: 72.29132
Result: 15108.89
Date: 2019-08-05
    
    
Conversion from gbp to usd
Amount: 20
Rate: 1.21339
Result: 24.27
Date: 2019-08-05
